97 3 0
97 3 0
97 3 0
97 3 0
97 3 0
96 4 0
96 4 0
96 4 0
96 4 0
95 5 0
95 5 0
95 5 0
95 5 0
95 5 0
94 6 0
94 3 3
94 3 3
93 4 3
91 6 3
91 6 3
91 5 4
90 6 4
89 7 4
87 9 4
85 10 5
85 10 5
83 12 5
79 16 5
79 16 5
76 18 6
75 19 6
75 19 6
74 19 7
73 18 9
73 18 9
70 21 9
70 20 10
67 22 11
63 24 13
62 23 15
60 25 15
60 23 17
57 22 21
56 23 21
54 22 24
52 23 25
50 25 25
48 26 26
48 25 27
46 27 27
43 27 30
40 30 30
39 28 33
39 24 37
36 26 38
35 25 40
34 26 40
31 26 43
31 25 44
29 25 46
