96 4 0
96 4 0
96 4 0
95 5 0
95 5 0
95 5 0
95 5 0
94 6 0
94 6 0
94 6 0
94 6 0
93 7 0
93 7 0
90 10 0
90 10 0
89 7 4
88 8 4
86 10 4
84 11 5
82 13 5
80 15 5
78 17 5
75 19 6
74 20 6
73 21 6
73 21 6
72 21 7
69 24 7
66 24 10
64 26 10
61 28 11
59 29 12
56 30 14
56 28 16
53 29 18
51 29 20
49 29 22
47 28 25
46 28 26
44 29 27
40 33 27
38 34 28
38 31 31
37 29 34
35 29 36
34 27 39
32 27 41
30 26 44
30 26 44
28 25 47
28 23 49
27 22 51
27 20 53
26 20 54
26 18 56
24 16 60
22 16 62
22 16 62
20 17 63
19 16 65
